UNPROCESSED:
nVertices: (0,0) (1000,9) (2000,17) (3000,18) (4000,20) (5000,40) (6000,30) (7000,29) (8000,26) (9000,21) (10000,25) (11000,11) (12000,10) (13000,24) (14000,33) (15000,35) (16000,2) (17000,2) (18000,0) (19000,1) (20000,1) (21000,1) (22000,0) (23000,2) (24000,3) (25000,12) (26000,4) (27000,4) (28000,0)
nVertices-ticks: 0,1000,2000,3000,4000,5000,6000,7000,8000,9000,10000,11000,12000,13000,14000,15000,16000,17000,18000,19000,20000,21000,22000,23000,24000,25000,26000,27000,28000
nFaces: (0,0) (2000,9) (4000,17) (6000,18) (8000,20) (10000,40) (12000,30) (14000,29) (16000,26) (18000,21) (20000,25) (22000,11) (24000,10) (26000,24) (28000,38) (30000,30) (32000,2) (34000,2) (36000,0) (38000,2) (40000,0) (42000,1) (44000,0) (46000,2) (48000,3) (50000,12) (52000,4) (54000,4) (56000,0)
nFaces-ticks: 0,2000,4000,6000,8000,10000,12000,14000,16000,18000,20000,22000,24000,26000,28000,30000,32000,34000,36000,38000,40000,42000,44000,46000,48000,50000,52000,54000,56000
position: (0.0,262) (0.02,54) (0.04,25) (0.06,9) (0.08,5) (0.1,4) (0.12,1) (0.14,4) (0.16,7) (0.18,2) (0.2,1) (0.22,0) (0.24,1) (0.26,1) (0.28,2) (0.3,0) (0.32,0) (0.34,0) (0.36,0) (0.38,0) (0.4,0) (0.42,0) (0.44,0) (0.46,0) (0.48,0) (0.5,0) (0.52,0) (0.54,0) (0.56,0) (0.58,0) (0.6,0) (0.62,0) (0.64,0) (0.66,0) (0.68,0) (0.7,0) (0.72,0) (0.74,0) (0.76,0) (0.78,1) (0.8,0) (0.82,0) (0.84,0) (0.86,0) (0.88,0) (0.9,1) (0.92,0)
position-ticks: 0.0,0.02,0.04,0.06,0.08,0.1,0.12,0.14,0.16,0.18,0.2,0.22,0.24,0.26,0.28,0.3,0.32,0.34,0.36,0.38,0.4,0.42,0.44,0.46,0.48,0.5,0.52,0.54,0.56,0.58,0.6,0.62,0.64,0.66,0.68,0.7,0.72,0.74,0.76,0.78,0.8,0.82,0.84,0.86,0.88,0.9,0.92
aabbSize: (0.0,0) (0.15,1) (0.3,0) (0.45,0) (0.6,0) (0.75,0) (0.9,1) (1.05,0) (1.2,1) (1.35,3) (1.5,3) (1.65,14) (1.8,25) (1.95,56) (2.1,91) (2.25,89) (2.4,48) (2.55,25) (2.7,14) (2.85,8) (3.0,1) (3.15,0)
aabbSize-ticks: 0.0,0.15,0.3,0.45,0.6,0.75,0.9,1.05,1.2,1.35,1.5,1.65,1.8,1.95,2.1,2.25,2.4,2.55,2.7,2.85,3.0,3.15
angleX: (0.0,39) (0.1,14) (0.2,18) (0.29,3) (0.39,4) (0.49,3) (0.59,4) (0.69,2) (0.79,2) (0.88,5) (0.98,4) (1.08,8) (1.18,7) (1.28,7) (1.37,14) (1.47,86) (1.57,80) (1.67,17) (1.77,10) (1.87,8) (1.96,7) (2.06,1) (2.16,2) (2.26,2) (2.36,1) (2.45,1) (2.55,2) (2.65,3) (2.75,5) (2.85,7) (2.95,1) (3.04,13) (3.14,0)
angleX-ticks: 0.0,0.1,0.2,0.29,0.39,0.49,0.59,0.69,0.79,0.88,0.98,1.08,1.18,1.28,1.37,1.47,1.57,1.67,1.77,1.87,1.96,2.06,2.16,2.26,2.36,2.45,2.55,2.65,2.75,2.85,2.95,3.04,3.14
angleY: (0.0,20) (0.1,10) (0.2,4) (0.29,2) (0.39,0) (0.49,2) (0.59,1) (0.69,3) (0.79,2) (0.88,6) (0.98,4) (1.08,5) (1.18,4) (1.28,11) (1.37,21) (1.47,102) (1.57,90) (1.67,15) (1.77,5) (1.87,5) (1.96,5) (2.06,8) (2.16,6) (2.26,2) (2.36,2) (2.45,2) (2.55,1) (2.65,6) (2.75,5) (2.85,8) (2.95,6) (3.04,17) (3.14,0)
angleY-ticks: 0.0,0.1,0.2,0.29,0.39,0.49,0.59,0.69,0.79,0.88,0.98,1.08,1.18,1.28,1.37,1.47,1.57,1.67,1.77,1.87,1.96,2.06,2.16,2.26,2.36,2.45,2.55,2.65,2.75,2.85,2.95,3.04,3.14
angleZ: (0.0,38) (0.1,13) (0.2,24) (0.29,8) (0.39,7) (0.49,5) (0.59,8) (0.69,4) (0.79,7) (0.88,5) (0.98,5) (1.08,3) (1.18,4) (1.28,5) (1.37,9) (1.47,53) (1.57,50) (1.67,5) (1.77,4) (1.87,2) (1.96,6) (2.06,2) (2.16,8) (2.26,6) (2.36,4) (2.45,6) (2.55,8) (2.65,9) (2.75,6) (2.85,8) (2.95,17) (3.04,41) (3.14,0)
angleZ-ticks: 0.0,0.1,0.2,0.29,0.39,0.49,0.59,0.69,0.79,0.88,0.98,1.08,1.18,1.28,1.37,1.47,1.57,1.67,1.77,1.87,1.96,2.06,2.16,2.26,2.36,2.45,2.55,2.65,2.75,2.85,2.95,3.04,3.14
totalAngle: (0.0,27) (0.79,0) (1.57,2) (2.36,21) (3.14,84) (3.93,62) (4.71,48) (5.5,136) (6.28,0) (7.07,0)
totalAngle-ticks: 0.0,0.79,1.57,2.36,3.14,3.93,4.71,5.5,6.28,7.07
totalFlip: (-3,48) (-2,0) (-1,139) (0,0) (1,146) (2,0) (3,47) (4,0)
totalFlip-ticks: -3,-2,-1,0,1,2,3,4
angleX-combined: (0.0,39) (0.03,0) (0.1,14) (0.13,0) (0.2,18) (0.23,0) (0.29,3) (0.33,0) (0.39,4) (0.43,0) (0.49,3) (0.52,0) (0.59,4) (0.62,0) (0.69,2) (0.72,0) (0.79,2) (0.82,0) (0.88,5) (0.92,0) (0.98,4) (1.01,0) (1.08,8) (1.11,0) (1.18,7) (1.21,0) (1.28,7) (1.31,0) (1.37,14) (1.41,0) (1.47,86) (1.51,0) (1.57,80) (1.6,0) (1.67,17) (1.7,0) (1.77,10) (1.8,0) (1.87,8) (1.9,0) (1.96,7) (2.0,0) (2.06,1) (2.09,0) (2.16,2) (2.19,0) (2.26,2) (2.29,0) (2.36,1) (2.39,0) (2.45,1) (2.49,0) (2.55,2) (2.59,0) (2.65,3) (2.68,0) (2.75,5) (2.78,0) (2.85,7) (2.88,0) (2.95,1) (2.98,0) (3.04,13) (3.08,0) (3.14,0)
angleX-ticks: 0.0,0.1,0.2,0.29,0.39,0.49,0.59,0.69,0.79,0.88,0.98,1.08,1.18,1.28,1.37,1.47,1.57,1.67,1.77,1.87,1.96,2.06,2.16,2.26,2.36,2.45,2.55,2.65,2.75,2.85,2.95,3.04,3.14
angleY-combined: (0.03,20) (0.07,0) (0.13,10) (0.16,0) (0.23,4) (0.26,0) (0.33,2) (0.36,0) (0.43,0) (0.46,0) (0.52,2) (0.56,0) (0.62,1) (0.65,0) (0.72,3) (0.75,0) (0.82,2) (0.85,0) (0.92,6) (0.95,0) (1.01,4) (1.05,0) (1.11,5) (1.15,0) (1.21,4) (1.24,0) (1.31,11) (1.34,0) (1.41,21) (1.44,0) (1.51,102) (1.54,0) (1.6,90) (1.64,0) (1.7,15) (1.73,0) (1.8,5) (1.83,0) (1.9,5) (1.93,0) (2.0,5) (2.03,0) (2.09,8) (2.13,0) (2.19,6) (2.23,0) (2.29,2) (2.32,0) (2.39,2) (2.42,0) (2.49,2) (2.52,0) (2.59,1) (2.62,0) (2.68,6) (2.72,0) (2.78,5) (2.81,0) (2.88,8) (2.91,0) (2.98,6) (3.01,0) (3.08,17) (3.11,0) (3.14,0)
angleY-ticks: 0.0,0.1,0.2,0.29,0.39,0.49,0.59,0.69,0.79,0.88,0.98,1.08,1.18,1.28,1.37,1.47,1.57,1.67,1.77,1.87,1.96,2.06,2.16,2.26,2.36,2.45,2.55,2.65,2.75,2.85,2.95,3.04,3.14
angleZ-combined: (0.07,38) (0.1,0) (0.16,13) (0.2,0) (0.26,24) (0.29,0) (0.36,8) (0.39,0) (0.46,7) (0.49,0) (0.56,5) (0.59,0) (0.65,8) (0.69,0) (0.75,4) (0.79,0) (0.85,7) (0.88,0) (0.95,5) (0.98,0) (1.05,5) (1.08,0) (1.15,3) (1.18,0) (1.24,4) (1.28,0) (1.34,5) (1.37,0) (1.44,9) (1.47,0) (1.54,53) (1.57,0) (1.64,50) (1.67,0) (1.73,5) (1.77,0) (1.83,4) (1.87,0) (1.93,2) (1.96,0) (2.03,6) (2.06,0) (2.13,2) (2.16,0) (2.23,8) (2.26,0) (2.32,6) (2.36,0) (2.42,4) (2.45,0) (2.52,6) (2.55,0) (2.62,8) (2.65,0) (2.72,9) (2.75,0) (2.81,6) (2.85,0) (2.91,8) (2.95,0) (3.01,17) (3.04,0) (3.11,41) (3.14,0) (3.14,0)
angleZ-ticks: 0.0,0.1,0.2,0.29,0.39,0.49,0.59,0.69,0.79,0.88,0.98,1.08,1.18,1.28,1.37,1.47,1.57,1.67,1.77,1.87,1.96,2.06,2.16,2.26,2.36,2.45,2.55,2.65,2.75,2.85,2.95,3.04,3.14

PROCESSED:
nVertices: (0,0) (1000,0) (2000,380) (3000,0) (4000,0) (5000,0) (6000,0) (7000,0) (8000,0) (9000,0) (10000,0) (11000,0) (12000,0) (13000,0) (14000,0) (15000,0) (16000,0) (17000,0) (18000,0) (19000,0) (20000,0) (21000,0) (22000,0) (23000,0) (24000,0) (25000,0) (26000,0) (27000,0) (28000,0)
nVertices-ticks: 0,1000,2000,3000,4000,5000,6000,7000,8000,9000,10000,11000,12000,13000,14000,15000,16000,17000,18000,19000,20000,21000,22000,23000,24000,25000,26000,27000,28000
nFaces: (0,0) (2000,0) (4000,380) (6000,0) (8000,0) (10000,0) (12000,0) (14000,0) (16000,0) (18000,0) (20000,0) (22000,0) (24000,0) (26000,0) (28000,0) (30000,0) (32000,0) (34000,0) (36000,0) (38000,0) (40000,0) (42000,0) (44000,0) (46000,0) (48000,0) (50000,0) (52000,0) (54000,0) (56000,0)
nFaces-ticks: 0,2000,4000,6000,8000,10000,12000,14000,16000,18000,20000,22000,24000,26000,28000,30000,32000,34000,36000,38000,40000,42000,44000,46000,48000,50000,52000,54000,56000
position: (0.0,380) (0.02,0) (0.04,0) (0.06,0) (0.08,0) (0.1,0) (0.12,0) (0.14,0) (0.16,0) (0.18,0) (0.2,0) (0.22,0) (0.24,0) (0.26,0) (0.28,0) (0.3,0) (0.32,0) (0.34,0) (0.36,0) (0.38,0) (0.4,0) (0.42,0) (0.44,0) (0.46,0) (0.48,0) (0.5,0) (0.52,0) (0.54,0) (0.56,0) (0.58,0) (0.6,0) (0.62,0) (0.64,0) (0.66,0) (0.68,0) (0.7,0) (0.72,0) (0.74,0) (0.76,0) (0.78,0) (0.8,0) (0.82,0) (0.84,0) (0.86,0) (0.88,0) (0.9,0) (0.92,0)
position-ticks: 0.0,0.02,0.04,0.06,0.08,0.1,0.12,0.14,0.16,0.18,0.2,0.22,0.24,0.26,0.28,0.3,0.32,0.34,0.36,0.38,0.4,0.42,0.44,0.46,0.48,0.5,0.52,0.54,0.56,0.58,0.6,0.62,0.64,0.66,0.68,0.7,0.72,0.74,0.76,0.78,0.8,0.82,0.84,0.86,0.88,0.9,0.92
aabbSize: (0.0,0) (0.15,0) (0.3,0) (0.45,0) (0.6,0) (0.75,9) (0.9,56) (1.05,147) (1.2,107) (1.35,49) (1.5,12) (1.65,0) (1.8,0) (1.95,0) (2.1,0) (2.25,0) (2.4,0) (2.55,0) (2.7,0) (2.85,0) (3.0,0) (3.15,0)
aabbSize-ticks: 0.0,0.15,0.3,0.45,0.6,0.75,0.9,1.05,1.2,1.35,1.5,1.65,1.8,1.95,2.1,2.25,2.4,2.55,2.7,2.85,3.0,3.15
angleX: (0.0,304) (0.1,0) (0.2,0) (0.29,0) (0.39,0) (0.49,0) (0.59,0) (0.69,0) (0.79,0) (0.88,0) (0.98,0) (1.08,0) (1.18,0) (1.28,0) (1.37,0) (1.47,0) (1.57,0) (1.67,0) (1.77,0) (1.87,0) (1.96,0) (2.06,0) (2.16,0) (2.26,0) (2.36,0) (2.45,0) (2.55,0) (2.65,0) (2.75,0) (2.85,0) (2.95,0) (3.04,76) (3.14,0)
angleX-ticks: 0.0,0.1,0.2,0.29,0.39,0.49,0.59,0.69,0.79,0.88,0.98,1.08,1.18,1.28,1.37,1.47,1.57,1.67,1.77,1.87,1.96,2.06,2.16,2.26,2.36,2.45,2.55,2.65,2.75,2.85,2.95,3.04,3.14
angleY: (0.0,108) (0.1,0) (0.2,0) (0.29,0) (0.39,0) (0.49,0) (0.59,0) (0.69,0) (0.79,0) (0.88,0) (0.98,0) (1.08,0) (1.18,0) (1.28,0) (1.37,0) (1.47,0) (1.57,0) (1.67,0) (1.77,0) (1.87,0) (1.96,0) (2.06,0) (2.16,0) (2.26,0) (2.36,0) (2.45,0) (2.55,0) (2.65,0) (2.75,0) (2.85,0) (2.95,0) (3.04,272) (3.14,0)
angleY-ticks: 0.0,0.1,0.2,0.29,0.39,0.49,0.59,0.69,0.79,0.88,0.98,1.08,1.18,1.28,1.37,1.47,1.57,1.67,1.77,1.87,1.96,2.06,2.16,2.26,2.36,2.45,2.55,2.65,2.75,2.85,2.95,3.04,3.14
angleZ: (0.0,128) (0.1,0) (0.2,0) (0.29,0) (0.39,0) (0.49,0) (0.59,0) (0.69,0) (0.79,0) (0.88,0) (0.98,0) (1.08,0) (1.18,0) (1.28,0) (1.37,0) (1.47,0) (1.57,0) (1.67,0) (1.77,0) (1.87,0) (1.96,0) (2.06,0) (2.16,0) (2.26,0) (2.36,0) (2.45,0) (2.55,0) (2.65,0) (2.75,0) (2.85,0) (2.95,0) (3.04,252) (3.14,0)
angleZ-ticks: 0.0,0.1,0.2,0.29,0.39,0.49,0.59,0.69,0.79,0.88,0.98,1.08,1.18,1.28,1.37,1.47,1.57,1.67,1.77,1.87,1.96,2.06,2.16,2.26,2.36,2.45,2.55,2.65,2.75,2.85,2.95,3.04,3.14
totalAngle: (0.0,80) (0.79,0) (1.57,0) (2.36,0) (3.14,0) (3.93,0) (4.71,0) (5.5,295) (6.28,5) (7.07,0)
totalAngle-ticks: 0.0,0.79,1.57,2.36,3.14,3.93,4.71,5.5,6.28,7.07
totalFlip: (-3,0) (-2,0) (-1,0) (0,0) (1,0) (2,0) (3,380) (4,0)
totalFlip-ticks: -3,-2,-1,0,1,2,3,4
angleX-combined: (0.0,304) (0.03,0) (0.1,0) (0.13,0) (0.2,0) (0.23,0) (0.29,0) (0.33,0) (0.39,0) (0.43,0) (0.49,0) (0.52,0) (0.59,0) (0.62,0) (0.69,0) (0.72,0) (0.79,0) (0.82,0) (0.88,0) (0.92,0) (0.98,0) (1.01,0) (1.08,0) (1.11,0) (1.18,0) (1.21,0) (1.28,0) (1.31,0) (1.37,0) (1.41,0) (1.47,0) (1.51,0) (1.57,0) (1.6,0) (1.67,0) (1.7,0) (1.77,0) (1.8,0) (1.87,0) (1.9,0) (1.96,0) (2.0,0) (2.06,0) (2.09,0) (2.16,0) (2.19,0) (2.26,0) (2.29,0) (2.36,0) (2.39,0) (2.45,0) (2.49,0) (2.55,0) (2.59,0) (2.65,0) (2.68,0) (2.75,0) (2.78,0) (2.85,0) (2.88,0) (2.95,0) (2.98,0) (3.04,76) (3.08,0) (3.14,0)
angleX-ticks: 0.0,0.1,0.2,0.29,0.39,0.49,0.59,0.69,0.79,0.88,0.98,1.08,1.18,1.28,1.37,1.47,1.57,1.67,1.77,1.87,1.96,2.06,2.16,2.26,2.36,2.45,2.55,2.65,2.75,2.85,2.95,3.04,3.14
angleY-combined: (0.03,108) (0.07,0) (0.13,0) (0.16,0) (0.23,0) (0.26,0) (0.33,0) (0.36,0) (0.43,0) (0.46,0) (0.52,0) (0.56,0) (0.62,0) (0.65,0) (0.72,0) (0.75,0) (0.82,0) (0.85,0) (0.92,0) (0.95,0) (1.01,0) (1.05,0) (1.11,0) (1.15,0) (1.21,0) (1.24,0) (1.31,0) (1.34,0) (1.41,0) (1.44,0) (1.51,0) (1.54,0) (1.6,0) (1.64,0) (1.7,0) (1.73,0) (1.8,0) (1.83,0) (1.9,0) (1.93,0) (2.0,0) (2.03,0) (2.09,0) (2.13,0) (2.19,0) (2.23,0) (2.29,0) (2.32,0) (2.39,0) (2.42,0) (2.49,0) (2.52,0) (2.59,0) (2.62,0) (2.68,0) (2.72,0) (2.78,0) (2.81,0) (2.88,0) (2.91,0) (2.98,0) (3.01,0) (3.08,272) (3.11,0) (3.14,0)
angleY-ticks: 0.0,0.1,0.2,0.29,0.39,0.49,0.59,0.69,0.79,0.88,0.98,1.08,1.18,1.28,1.37,1.47,1.57,1.67,1.77,1.87,1.96,2.06,2.16,2.26,2.36,2.45,2.55,2.65,2.75,2.85,2.95,3.04,3.14
angleZ-combined: (0.07,128) (0.1,0) (0.16,0) (0.2,0) (0.26,0) (0.29,0) (0.36,0) (0.39,0) (0.46,0) (0.49,0) (0.56,0) (0.59,0) (0.65,0) (0.69,0) (0.75,0) (0.79,0) (0.85,0) (0.88,0) (0.95,0) (0.98,0) (1.05,0) (1.08,0) (1.15,0) (1.18,0) (1.24,0) (1.28,0) (1.34,0) (1.37,0) (1.44,0) (1.47,0) (1.54,0) (1.57,0) (1.64,0) (1.67,0) (1.73,0) (1.77,0) (1.83,0) (1.87,0) (1.93,0) (1.96,0) (2.03,0) (2.06,0) (2.13,0) (2.16,0) (2.23,0) (2.26,0) (2.32,0) (2.36,0) (2.42,0) (2.45,0) (2.52,0) (2.55,0) (2.62,0) (2.65,0) (2.72,0) (2.75,0) (2.81,0) (2.85,0) (2.91,0) (2.95,0) (3.01,0) (3.04,0) (3.11,252) (3.14,0) (3.14,0)
angleZ-ticks: 0.0,0.1,0.2,0.29,0.39,0.49,0.59,0.69,0.79,0.88,0.98,1.08,1.18,1.28,1.37,1.47,1.57,1.67,1.77,1.87,1.96,2.06,2.16,2.26,2.36,2.45,2.55,2.65,2.75,2.85,2.95,3.04,3.14
