UNPROCESSED:
nVertices: (0,0) (1000,9) (2000,17) (3000,18) (4000,20) (5000,40) (6000,30) (7000,29) (8000,26) (9000,21) (10000,25) (11000,11) (12000,10) (13000,24) (14000,33) (15000,35) (16000,2) (17000,2) (18000,0) (19000,1) (20000,1) (21000,1) (22000,0) (23000,2) (24000,3) (25000,12) (26000,4) (27000,4) (28000,0)
nFaces: (0,0) (2000,9) (4000,17) (6000,18) (8000,20) (10000,40) (12000,30) (14000,29) (16000,26) (18000,21) (20000,25) (22000,11) (24000,10) (26000,24) (28000,38) (30000,30) (32000,2) (34000,2) (36000,0) (38000,2) (40000,0) (42000,1) (44000,0) (46000,2) (48000,3) (50000,12) (52000,4) (54000,4) (56000,0)
position: (0.0,262) (0.02,54) (0.04,25) (0.06,9) (0.08,5) (0.1,4) (0.12,1) (0.14,4) (0.16,7) (0.18,2) (0.2,1) (0.22,0) (0.24,1) (0.26,1) (0.28,2) (0.3,0) (0.32,0) (0.34,0) (0.36,0) (0.38,0) (0.4,0) (0.42,0) (0.44,0) (0.46,0) (0.48,0) (0.5,0) (0.52,0) (0.54,0) (0.56,0) (0.58,0) (0.6,0) (0.62,0) (0.64,0) (0.66,0) (0.68,0) (0.7,0) (0.72,0) (0.74,0) (0.76,0) (0.78,1) (0.8,0) (0.82,0) (0.84,0) (0.86,0) (0.88,0) (0.9,1) (0.92,0)
aabbSize: (0.0,0) (0.15,1) (0.3,0) (0.45,0) (0.6,0) (0.75,0) (0.9,1) (1.05,0) (1.2,1) (1.35,3) (1.5,3) (1.65,14) (1.8,25) (1.95,56) (2.1,91) (2.25,89) (2.4,48) (2.55,25) (2.7,14) (2.85,8) (3.0,1) (3.15,0)
angleX: (0.0,53) (0.2,21) (0.39,7) (0.59,6) (0.79,7) (0.98,12) (1.18,14) (1.37,100) (1.57,97) (1.77,18) (1.96,8) (2.16,4) (2.36,2) (2.55,5) (2.75,12) (2.95,14) (3.14,0)
angleY: (0.0,30) (0.2,6) (0.39,2) (0.59,4) (0.79,8) (0.98,9) (1.18,15) (1.37,123) (1.57,105) (1.77,10) (1.96,13) (2.16,8) (2.36,4) (2.55,7) (2.75,13) (2.95,23) (3.14,0)
angleZ: (0.0,51) (0.2,32) (0.39,12) (0.59,12) (0.79,12) (0.98,8) (1.18,9) (1.37,62) (1.57,55) (1.77,6) (1.96,8) (2.16,14) (2.36,10) (2.55,17) (2.75,14) (2.95,58) (3.14,0)
totalAngle: (0.0,27) (0.79,0) (1.57,2) (2.36,21) (3.14,84) (3.93,62) (4.71,48) (5.5,136) (6.28,0) (7.07,0)
totalFlip: (-3,48) (-2,0) (-1,139) (0,0) (1,146) (2,0) (3,47) (4,0)

PROCESSED:
nVertices: (0,0) (1000,0) (2000,380) (3000,0) (4000,0) (5000,0) (6000,0) (7000,0) (8000,0) (9000,0) (10000,0) (11000,0) (12000,0) (13000,0) (14000,0) (15000,0) (16000,0) (17000,0) (18000,0) (19000,0) (20000,0) (21000,0) (22000,0) (23000,0) (24000,0) (25000,0) (26000,0) (27000,0) (28000,0)
nFaces: (0,0) (2000,0) (4000,380) (6000,0) (8000,0) (10000,0) (12000,0) (14000,0) (16000,0) (18000,0) (20000,0) (22000,0) (24000,0) (26000,0) (28000,0) (30000,0) (32000,0) (34000,0) (36000,0) (38000,0) (40000,0) (42000,0) (44000,0) (46000,0) (48000,0) (50000,0) (52000,0) (54000,0) (56000,0)
position: (0.0,380) (0.02,0) (0.04,0) (0.06,0) (0.08,0) (0.1,0) (0.12,0) (0.14,0) (0.16,0) (0.18,0) (0.2,0) (0.22,0) (0.24,0) (0.26,0) (0.28,0) (0.3,0) (0.32,0) (0.34,0) (0.36,0) (0.38,0) (0.4,0) (0.42,0) (0.44,0) (0.46,0) (0.48,0) (0.5,0) (0.52,0) (0.54,0) (0.56,0) (0.58,0) (0.6,0) (0.62,0) (0.64,0) (0.66,0) (0.68,0) (0.7,0) (0.72,0) (0.74,0) (0.76,0) (0.78,0) (0.8,0) (0.82,0) (0.84,0) (0.86,0) (0.88,0) (0.9,0) (0.92,0)
aabbSize: (0.0,0) (0.15,0) (0.3,0) (0.45,0) (0.6,0) (0.75,9) (0.9,56) (1.05,147) (1.2,107) (1.35,49) (1.5,12) (1.65,0) (1.8,0) (1.95,0) (2.1,0) (2.25,0) (2.4,0) (2.55,0) (2.7,0) (2.85,0) (3.0,0) (3.15,0)
angleX: (0.0,304) (0.2,0) (0.39,0) (0.59,0) (0.79,0) (0.98,0) (1.18,0) (1.37,0) (1.57,0) (1.77,0) (1.96,0) (2.16,0) (2.36,0) (2.55,0) (2.75,0) (2.95,76) (3.14,0)
angleY: (0.0,108) (0.2,0) (0.39,0) (0.59,0) (0.79,0) (0.98,0) (1.18,0) (1.37,0) (1.57,0) (1.77,0) (1.96,0) (2.16,0) (2.36,0) (2.55,0) (2.75,0) (2.95,272) (3.14,0)
angleZ: (0.0,128) (0.2,0) (0.39,0) (0.59,0) (0.79,0) (0.98,0) (1.18,0) (1.37,0) (1.57,0) (1.77,0) (1.96,0) (2.16,0) (2.36,0) (2.55,0) (2.75,0) (2.95,252) (3.14,0)
totalAngle: (0.0,80) (0.79,0) (1.57,0) (2.36,0) (3.14,0) (3.93,0) (4.71,0) (5.5,295) (6.28,5) (7.07,0)
totalFlip: (-3,0) (-2,0) (-1,0) (0,0) (1,0) (2,0) (3,380) (4,0)
